0.000000
-0.001853
-0.005595
-0.010279
-0.013490
-0.014256
-0.035024
0.145489
0.246758
0.236208
-0.042464
-0.630868
-1.209404
-1.091477
0.376543
3.186894
6.282387
7.832467
6.174745
0.903291
-6.627040
-13.804609
-18.048876
-18.120428
-14.659711
-9.666214
-5.311646
-2.859727
-2.301678
-2.773868
-3.319763
-3.445447
-3.181857
-2.791557
-2.458853
-2.192189
-2.155003
-2.051494
-1.951951
-1.860247
-1.776267
-1.699279
-1.628500
-1.563212
-1.502788
-1.446688
-1.394445
-1.345656
-1.299974
-1.257096
-1.216757
-1.178725
-1.142797
-1.108791
-1.076549
-1.045926
-1.016796
-0.989044
-0.962569
-0.937276
-0.913083
-0.889912
-0.867696
-0.846371
-0.825879
-0.806169
-0.787191
-0.768902
-0.751260
-0.734228
-0.717771
-0.701857
-0.686456
-0.671541
-0.657086
-0.643066
-0.629459
-0.616246
-0.603405
-0.590919
-0.578771
-0.566945
-0.555426
-0.544200
-0.533253
-0.522573
-0.512148
-0.501967
-0.492020
-0.482297
-0.472787
-0.463483
-0.454376
-0.445458
-0.436721
-0.428159
-0.419764
-0.411530
-0.403450
-0.395519
-0.241929
-0.253047
-0.372564
-0.660994
-1.003942
-1.033178
-0.343727
1.055012
2.401682
2.345460
-0.316657
-5.720604
-12.480204
-18.131346
-20.330806
-18.118924
-12.455354
-5.683314
-0.266910
2.407688
2.476419
1.142294
-0.243859
-0.920677
-0.878755
-0.523061
-0.221817
-0.089415
-0.065332
-0.205869
-0.200655
-0.195488
-0.190367
-0.185290
-0.180257
-0.175264
-0.170312
-0.165398
-0.160521
-0.155680
-0.150873
-0.146100
-0.141358
-0.136647
-0.131965
-0.127311
-0.122685
-0.118084
-0.113508
-0.108956
-0.104426
-0.099918
-0.095431
-0.090963
-0.086513
-0.082082
-0.077666
-0.073267
-0.068882
-0.064511
-0.060153
-0.055807
-0.051472
-0.047147
-0.042832
-0.038525
-0.034225
-0.029932
-0.025645
-0.021363
-0.017086
-0.012811
-0.008540
-0.004269
0.000000
0.004269
0.008540
0.012811
0.017086
0.021363
0.025645
0.029932
0.034225
0.038525
0.042832
0.047147
0.051472
0.055807
0.060153
0.064511
0.068882
0.073267
0.077666
0.082082
0.086513
0.090963
0.095431
0.099918
0.104426
0.108956
0.113508
0.118084
0.122685
0.127311
0.131965
0.136647
0.141358
0.146100
0.150873
0.155680
0.160521
0.165398
0.170312
0.175264
0.180257
0.185290
0.190367
0.195488
0.200655
0.205869
0.065332
0.089415
0.221817
0.523061
0.878755
0.920677
0.243859
-1.142294
-2.476419
-2.407688
0.266910
5.683314
12.455354
18.118924
20.330806
18.131346
12.480204
5.720604
0.316657
-2.345460
-2.401682
-1.055012
0.343727
1.033178
1.003942
0.660994
0.372564
0.253047
0.241929
0.395519
0.403450
0.411530
0.419764
0.428159
0.436721
0.445458
0.454376
0.463483
0.472787
0.482297
0.492020
0.501967
0.512148
0.522573
0.533253
0.544200
0.555426
0.566945
0.578771
0.590919
0.603405
0.616246
0.629459
0.643066
0.657086
0.671541
0.686456
0.701857
0.717771
0.734228
0.751260
0.768902
0.787191
0.806169
0.825879
0.846371
0.867696
0.889912
0.913083
0.937276
0.962569
0.989044
1.016796
1.045926
1.076549
1.108791
1.142797
1.178725
1.216757
1.257096
1.299974
1.345656
1.394445
1.446688
1.502788
1.563212
1.628500
1.699279
1.776267
1.860247
1.951951
2.051494
2.155003
2.192189
2.458853
2.791557
3.181857
3.445447
3.319763
2.773868
2.301678
2.859727
5.311646
9.666214
14.659711
18.120428
18.048876
13.804609
6.627040
-0.903291
-6.174745
-7.832467
-6.282387
-3.186894
-0.376543
1.091477
1.209404
0.630868
0.042464
-0.236208
-0.246758
-0.145489
0.035024
0.014256
0.013490
0.010279
0.005595
0.001853
